00100000000000010000000000001000
00100000000010100000000000000010
00100000000010110000000000000011
00100000000000100000000000000001
00100000000000100000000000000001
00100000000000100000000000000001
10101100001010100000000000000100
00000001011010100000000000011010
00100000000000110000000000000001
00000001010010110010000000100010
00000000000000001100100000010000
00000000000000001100000000010010
00000001010010110000000000011000
10001100001101100000000000000100
00000000000000001101100000010010
00000001010010111111100000101010
00101001010111100000000000000001
00000000011000101110100000100100
00000001010010111110000000100101
00000001010010111010100000100111
00000001010010111010000000101000
00110001010100110000000000000000
00111100000100001000000000000000
00110101011100100000000000000001
00111000011100010000000000000011
00000000000110110111100001000000
00000000000110110111000001000010
00000000000100000110100001000011
