00000000000000000000000000000000
00000000000000000000000000001000
00000000000000000000000000000001
00000000000000000000000000000001
11111111111111111111111111111111
UUUUUUUUUUUUUUUUUUUUUUUUUUUUUUUU
UUUUUUUUUUUUUUUUUUUUUUUUUUUUUUUU
UUUUUUUUUUUUUUUUUUUUUUUUUUUUUUUU
UUUUUUUUUUUUUUUUUUUUUUUUUUUUUUUU
UUUUUUUUUUUUUUUUUUUUUUUUUUUUUUUU
00000000000000000000000000000010
00000000000000000000000000000011
UUUUUUUUUUUUUUUUUUUUUUUUUUUUUUUU
11000000000000000000000000000000
00000000000000000000000000000011
00000000000000000000000000001100
10000000000000000000000000000000
00000000000000000000000000000010
00000000000000000000000000000011
00000000000000000000000000000000
00000000000000000000000000000001
11111111111111111111111111111100
00000000000000000000000000000010
UUUUUUUUUUUUUUUUUUUUUUUUUUUUUUUU
00000000000000000000000000000001
00000000000000000000000000000001
UUUUUUUUUUUUUUUUUUUUUUUUUUUUUUUU
00000000000000000000000000000110
00000000000000000000000000000011
00000000000000000000000000000001
00000000000000000000000000000000
00000000000000000000000000000001
